Timestamp[us],Slope,VBUS Voltage[V],VBUS Current[A],VBUS Wattage[W]
0.095,0.0,0.144,0.0,0.0
0.105,0.0,0.14,0.0,0.0
0.134,0.0,0.14,0.0,0.0
0.144,0.0,0.144,0.0,0.0
0.156,0.0,0.14,0.0,0.0
0.169,0.0,0.14,0.0,0.0
0.18,0.0,0.14,0.0,0.0
0.192,0.0,0.14,0.0,0.0
0.204,0.0,0.14,0.0,0.0
0.216,0.0,0.14,0.0,0.0
0.229,0.0,0.136,0.0,0.0
0.24,0.0,0.14,0.0,0.0
0.252,0.0,0.14,0.0,0.0
0.263,0.0,0.136,0.0,0.0
0.274,0.0,0.136,0.0,0.0
0.285,0.0,0.14,0.0,0.0
0.296,0.0,0.136,0.0,0.0
0.306,0.0,0.14,0.0,0.0
0.317,0.0,0.14,0.0,0.0
0.329,0.0,0.14,0.0,0.0
0.339,0.0,0.14,0.0,0.0
0.351,0.0,0.14,0.0,0.0
0.362,0.0,0.14,0.0,0.0
0.372,0.0,0.14,0.0,0.0
0.383,0.0,0.14,0.0,0.0
0.395,0.0,0.136,0.0,0.0
0.405,0.0,0.14,0.0,0.0
0.416,0.0,0.136,0.0,0.0
0.428,0.0,0.14,0.0,0.0
0.438,0.0,0.14,0.0,0.0
0.449,0.0,0.14,0.0,0.0
0.46,0.0,5.076,0.01,0.051
0.517,0.0,5.076,0.0,0.0
0.528,0.0,5.076,0.01,0.051
0.539,0.0,5.072,0.01,0.051
0.55,0.0,5.076,0.0,0.0
0.561,0.0,5.076,0.0,0.0
0.571,0.0,5.076,0.0,0.0
0.583,0.0,5.076,0.0,0.0
0.594,0.0,5.076,0.0,0.0
0.605,0.0,5.076,0.0,0.0
0.616,0.0,5.076,0.0,0.0
0.627,0.0,5.08,0.01,0.051
0.638,0.0,5.076,0.0,0.0
0.65,0.0,5.076,0.011,0.056
0.661,0.0,5.08,0.0,0.0
0.671,0.0,5.076,0.01,0.051
0.683,0.0,5.076,0.0,0.0
0.694,0.0,20.212,1.126,22.759
0.705,0.0,20.208,1.124,22.714
0.774,0.0,20.212,1.123,22.698
0.786,0.0,20.212,1.147,23.183
0.796,0.0,20.212,1.146,23.163
0.807,0.0,20.212,1.147,23.183
0.819,0.0,20.212,1.147,23.183
0.829,0.0,20.216,1.147,23.188
0.84,0.0,20.212,1.147,23.183
0.852,0.0,20.212,1.147,23.183
0.862,0.0,20.212,1.148,23.203
0.873,0.0,20.212,1.146,23.163
0.885,0.0,20.212,1.148,23.203
0.895,0.0,20.212,1.148,23.203
0.906,0.0,20.212,1.148,23.203
0.918,0.0,20.212,1.149,23.224
0.929,0.0,20.212,1.147,23.183
0.939,0.0,20.212,1.15,23.244
0.951,0.0,20.212,1.146,23.163
0.962,0.0,20.212,1.149,23.224
0.972,0.0,20.212,1.148,23.203
0.984,0.0,20.212,1.172,23.688
0.995,0.0,20.212,1.173,23.709
1.006,0.0,20.208,1.172,23.684
1.017,0.0,20.212,1.172,23.688
1.028,0.0,20.212,1.172,23.688
1.039,0.0,20.212,1.173,23.709
1.05,0.0,20.208,1.171,23.664
1.061,0.0,20.212,1.173,23.709
1.072,0.0,20.208,1.174,23.724
1.084,0.0,20.212,1.172,23.688
1.095,0.0,20.212,1.175,23.749
1.106,0.0,20.212,1.174,23.729
1.117,0.0,20.212,1.173,23.709
1.128,0.0,20.212,1.173,23.709
1.139,0.0,20.212,1.172,23.688
1.151,0.0,20.212,1.174,23.729
1.161,0.0,20.216,1.173,23.713
1.172,0.0,20.212,1.197,24.194
1.184,0.0,20.212,1.196,24.174
1.194,0.0,20.212,1.196,24.174
1.205,0.0,20.212,1.195,24.153
1.217,0.0,20.212,1.196,24.174
1.227,0.0,20.216,1.199,24.239
1.238,0.0,20.212,1.194,24.133
1.25,0.0,20.212,1.197,24.194
1.261,0.0,20.212,1.195,24.153
1.272,0.0,20.216,1.195,24.158
1.283,0.0,20.212,1.194,24.133
1.294,0.0,20.212,1.195,24.153
1.304,0.0,20.216,1.198,24.219
1.316,0.0,20.212,1.198,24.214
1.327,290.0,20.212,1.2,24.254
1.338,288.0,20.212,1.196,24.174
1.35,286.0,20.216,1.195,24.158
1.36,284.0,20.216,1.197,24.199
1.371,282.0,20.212,1.221,24.679
1.383,279.0,20.212,1.223,24.719
1.393,276.0,20.212,1.222,24.699
1.404,273.0,20.208,1.223,24.714
1.415,270.0,20.212,1.217,24.598
1.426,266.0,20.212,1.225,24.76
1.436,263.0,20.212,1.222,24.699
1.448,259.0,20.212,1.221,24.679
1.458,254.0,20.212,1.221,24.679
1.469,250.0,20.208,1.223,24.714
1.481,245.0,20.212,1.224,24.739
1.491,240.0,20.212,1.22,24.659
1.502,235.0,20.212,1.224,24.739
1.514,229.0,20.212,1.223,24.719
1.524,224.0,20.212,1.219,24.638
1.535,218.0,20.212,1.224,24.739
1.547,212.0,20.216,1.222,24.704
1.558,205.0,20.208,1.247,25.199
1.569,199.0,20.208,1.244,25.139
1.58,192.0,20.212,1.246,25.184
1.591,184.0,20.212,1.246,25.184
1.602,177.0,20.212,1.243,25.124
1.613,169.0,20.212,1.246,25.184
1.624,162.0,20.212,1.245,25.164
1.635,153.0,20.212,1.246,25.184
1.646,145.0,20.212,1.246,25.184
1.657,136.0,20.208,1.247,25.199
1.668,128.0,20.212,1.246,25.184
1.68,122.0,20.212,1.242,25.103
1.69,115.0,20.212,1.248,25.225
1.701,109.0,20.212,1.245,25.164
1.712,102.0,20.208,1.246,25.179
1.723,95.0,20.208,1.245,25.159
1.734,88.0,20.208,1.248,25.22
1.745,81.0,20.212,1.246,25.184
1.756,74.0,20.212,1.267,25.609
1.767,66.0,20.208,1.271,25.684
1.778,59.0,20.212,1.271,25.689
1.789,51.0,20.208,1.27,25.664
1.8,43.0,20.212,1.268,25.629
1.811,34.0,20.208,1.271,25.684
1.822,26.0,20.212,1.27,25.669
1.833,17.0,20.212,1.271,25.689
1.844,8.0,20.208,1.27,25.664
1.855,0.0,20.208,1.27,25.664
1.866,0.0,20.208,1.267,25.604
1.877,0.0,20.212,1.271,25.689
1.888,0.0,20.212,1.271,25.689
1.899,0.0,20.208,1.269,25.644
1.91,0.0,20.212,1.269,25.649
1.921,0.0,20.208,1.27,25.664
1.932,0.0,20.212,1.269,25.649
1.943,0.0,20.212,1.267,25.609
1.953,0.0,20.208,1.292,26.109
1.965,0.0,20.208,1.294,26.149
1.976,0.0,20.212,1.288,26.033
1.986,0.0,20.208,1.29,26.068
1.997,0.0,20.212,1.291,26.094
2.009,0.0,20.212,1.29,26.073
2.019,0.0,20.212,1.291,26.094
2.03,0.0,20.208,1.289,26.048
2.041,0.0,20.208,1.292,26.109
2.052,0.0,20.208,1.288,26.028
2.063,0.0,20.212,1.291,26.094
2.074,0.0,20.212,1.291,26.094
2.085,0.0,20.208,1.29,26.068
2.096,0.0,20.208,1.29,26.068
2.107,0.0,20.212,1.291,26.094
2.118,0.0,20.212,1.29,26.073
2.129,0.0,20.212,1.29,26.073
2.14,0.0,20.208,1.316,26.594
2.15,0.0,20.208,1.312,26.513
2.162,0.0,20.208,1.314,26.553
2.173,0.0,20.208,1.314,26.553
2.183,0.0,20.208,1.312,26.513
2.194,0.0,20.208,1.314,26.553
2.205,0.0,20.208,1.312,26.513
2.216,0.0,20.208,1.315,26.574
2.227,0.0,20.208,1.314,26.553
2.238,0.0,20.212,1.312,26.518
2.249,0.0,20.212,1.313,26.538
2.26,0.0,20.208,1.313,26.533
2.271,0.0,20.208,1.314,26.553
2.282,0.0,20.212,1.314,26.559
2.293,0.0,20.208,1.315,26.574
2.304,0.0,20.208,1.315,26.574
2.314,0.0,20.208,1.312,26.513
2.325,0.0,20.208,1.314,26.553
2.337,0.0,20.208,1.334,26.957
2.347,0.0,20.212,1.336,27.003
2.358,0.0,20.208,1.337,27.018
2.37,0.0,20.212,1.338,27.044
2.38,0.0,20.204,1.338,27.033
2.392,0.0,20.208,1.336,26.998
2.403,0.0,20.208,1.339,27.059
2.413,0.0,20.208,1.335,26.978
2.425,0.0,20.208,1.339,27.059
2.436,0.0,20.204,1.337,27.013
2.446,0.0,20.208,1.337,27.018
2.458,0.0,20.208,1.337,27.018
2.471,0.0,20.208,1.336,26.998
2.481,0.0,20.212,1.338,27.044
2.492,0.0,20.204,1.335,26.972
2.504,0.0,20.208,1.339,27.059
2.514,0.0,20.208,1.335,26.978
2.526,0.0,20.208,1.338,27.038
2.536,0.0,20.208,1.359,27.463
2.547,0.0,20.208,1.359,27.463
2.559,0.0,20.212,1.361,27.509
2.57,0.0,20.208,1.36,27.483
2.58,0.0,20.208,1.361,27.503
2.591,0.0,20.212,1.359,27.468
2.602,0.0,20.208,1.36,27.483
2.613,0.0,20.208,1.36,27.483
2.625,0.0,20.208,1.359,27.463
2.635,0.0,20.212,1.359,27.468
2.646,0.0,20.208,1.359,27.463
2.657,0.0,20.208,1.364,27.564
2.668,0.0,20.208,1.362,27.523
2.679,0.0,20.208,1.364,27.564
2.69,0.0,20.208,1.361,27.503
2.701,0.0,20.208,1.361,27.503
2.711,0.0,20.208,1.364,27.564
2.723,0.0,20.208,1.385,27.988
2.734,0.0,20.212,1.387,28.034
2.744,0.0,20.208,1.386,28.008
2.756,0.0,20.208,1.386,28.008
2.767,0.0,20.208,1.383,27.948
2.777,0.0,20.208,1.388,28.049
2.789,0.0,20.204,1.388,28.043
2.8,0.0,20.208,1.385,27.988
2.811,0.0,20.208,1.385,27.988
2.822,0.0,20.208,1.386,28.008
2.833,0.0,20.208,1.387,28.028
2.844,0.0,20.208,1.382,27.927
2.855,0.0,20.208,1.386,28.008
2.866,0.0,20.208,1.386,28.008
2.876,0.0,20.204,1.384,27.962
2.888,0.0,20.208,1.382,27.927
2.899,0.0,20.208,1.385,27.988
2.909,0.0,20.208,1.386,28.008
2.92,0.0,20.204,1.408,28.447
2.931,0.0,20.208,1.408,28.453
2.941,0.0,20.208,1.411,28.513
2.953,0.0,20.212,1.406,28.418
2.964,0.0,20.208,1.409,28.473
2.974,0.0,20.208,1.411,28.513
2.986,0.0,20.208,1.411,28.513
2.997,0.0,20.208,1.406,28.412
3.008,0.0,20.208,1.408,28.453
3.02,0.0,20.204,1.409,28.467
3.03,0.0,20.208,1.407,28.433
3.041,0.0,20.204,1.409,28.467
3.053,0.0,20.208,1.409,28.473
3.063,0.0,20.208,1.41,28.493
3.074,0.0,20.212,1.406,28.418
3.086,0.0,20.208,1.409,28.473
3.096,0.0,20.208,1.408,28.453
3.107,0.0,20.204,1.41,28.488
3.118,0.0,20.204,1.432,28.932
3.131,0.0,20.204,1.432,28.932
3.144,0.0,20.204,1.434,28.973
3.156,0.0,20.204,1.434,28.973
3.165,0.0,20.208,1.431,28.918
3.173,0.0,20.204,1.432,28.932
3.181,0.0,20.208,1.432,28.938
3.19,0.0,20.208,1.434,28.978
3.198,0.0,20.204,1.43,28.892
3.205,0.0,20.204,1.432,28.932
3.213,0.0,20.208,1.432,28.938
3.222,0.0,20.204,1.432,28.932
3.229,0.0,20.204,1.432,28.932
3.237,0.0,20.208,1.432,28.938
3.244,0.0,20.208,1.431,28.918
3.253,0.0,20.204,1.43,28.892
3.261,0.0,20.204,1.432,28.932
3.268,0.0,20.208,1.433,28.958
3.276,0.0,20.204,1.433,28.952
3.285,0.0,20.208,1.432,28.938
3.292,0.0,20.208,1.431,28.918
3.3,0.0,20.204,1.432,28.932
3.308,0.0,20.204,1.454,29.377
3.316,0.0,20.208,1.457,29.443
3.324,0.0,20.204,1.454,29.377
3.332,0.0,20.204,1.456,29.417
3.339,0.0,20.204,1.454,29.377
3.348,0.0,20.208,1.453,29.362
3.356,0.0,20.2,1.454,29.371
3.363,0.0,20.204,1.454,29.377
3.371,0.0,20.208,1.454,29.382
3.379,0.0,20.204,1.453,29.356
3.388,0.0,20.204,1.453,29.356
3.395,0.0,20.204,1.454,29.377
3.403,0.0,20.208,1.453,29.362
3.411,0.0,20.204,1.454,29.377
3.42,0.0,20.204,1.454,29.377
3.427,0.0,20.208,1.453,29.362
3.435,0.0,20.204,1.453,29.356
3.443,0.0,20.204,1.454,29.377
3.451,0.0,20.208,1.454,29.382
3.459,0.0,20.204,1.454,29.377
3.466,0.0,20.204,1.453,29.356
3.475,0.0,20.204,1.455,29.397
3.483,0.0,20.208,1.453,29.362
3.491,0.0,20.208,1.456,29.423
3.498,0.0,20.204,1.48,29.902
3.506,0.0,20.204,1.476,29.821
3.515,0.0,20.204,1.477,29.841
3.522,0.0,20.204,1.479,29.882
3.53,0.0,20.204,1.476,29.821
3.538,0.0,20.204,1.477,29.841
3.546,0.0,20.204,1.477,29.841
3.554,0.0,20.204,1.479,29.882
3.561,0.0,20.204,1.478,29.862
3.569,0.0,20.204,1.477,29.841
3.578,0.0,20.208,1.478,29.867
3.586,0.0,20.204,1.477,29.841
3.593,0.0,20.204,1.476,29.821
3.601,0.0,20.204,1.477,29.841
3.609,0.0,20.204,1.477,29.841
3.617,0.0,20.208,1.476,29.827
3.625,0.0,20.204,1.478,29.862
3.633,0.0,20.208,1.476,29.827
3.641,0.0,20.204,1.475,29.801
3.649,0.0,20.204,1.477,29.841
3.657,0.0,20.204,1.477,29.841
3.664,0.0,20.204,1.477,29.841
3.673,0.0,20.204,1.478,29.862
3.681,0.0,20.204,1.478,29.862
3.688,0.0,20.204,1.477,29.841
3.696,0.0,20.2,1.5,30.3
3.705,0.0,20.204,1.503,30.367
3.713,0.0,20.2,1.498,30.26
3.72,0.0,20.208,1.499,30.292
3.728,0.0,20.204,1.502,30.346
3.736,0.0,20.204,1.499,30.286
3.744,0.0,20.204,1.5,30.306
3.752,0.0,20.204,1.501,30.326
3.76,0.0,20.204,1.501,30.326
3.768,0.0,20.204,1.501,30.326
3.776,0.0,20.204,1.503,30.367
3.784,0.0,20.204,1.502,30.346
3.791,0.0,20.2,1.5,30.3
3.799,0.0,20.2,1.501,30.32
3.808,0.0,20.204,1.502,30.346
3.815,0.0,20.204,1.5,30.306
3.823,0.0,20.204,1.5,30.306
3.831,0.0,20.204,1.502,30.346
3.839,0.0,20.204,1.499,30.286
3.847,0.0,20.2,1.502,30.34
3.854,0.0,20.204,1.502,30.346
3.862,0.0,20.204,1.5,30.306
3.873,0.0,20.204,1.501,30.326
3.883,0.0,20.204,1.501,30.326
3.894,0.0,20.208,1.522,30.757
3.905,0.0,20.204,1.523,30.771
3.915,0.0,20.204,1.525,30.811
3.926,0.0,20.204,1.524,30.791
3.937,0.0,20.2,1.525,30.805
3.947,0.0,20.2,1.524,30.785
3.958,0.0,20.204,1.524,30.791
3.969,0.0,20.204,1.525,30.811
3.979,0.0,20.2,1.522,30.744
3.99,0.0,20.208,1.525,30.817
4.001,0.0,20.204,1.524,30.791
4.012,0.0,20.204,1.525,30.811
4.022,0.0,20.2,1.523,30.765
4.033,0.0,20.204,1.528,30.872
4.044,0.0,20.204,1.527,30.852
4.054,0.0,20.204,1.525,30.811
4.065,0.0,20.204,1.529,30.892
4.076,0.0,20.204,1.526,30.831
4.086,0.0,20.2,1.548,31.27
4.097,0.0,20.204,1.55,31.316
4.108,0.0,20.2,1.55,31.31
4.118,0.0,20.2,1.551,31.33
4.128,0.0,20.204,1.55,31.316
4.139,0.0,20.2,1.55,31.31
4.15,0.0,20.208,1.551,31.343
4.16,0.0,20.2,1.548,31.27
4.171,0.0,20.204,1.55,31.316
4.181,0.0,20.204,1.551,31.336
4.192,0.0,20.2,1.548,31.27
4.203,0.0,20.204,1.551,31.336
4.213,0.0,20.204,1.551,31.336
4.224,0.0,20.204,1.547,31.256
4.235,0.0,20.204,1.55,31.316
4.245,0.0,20.204,1.55,31.316
4.256,0.0,20.2,1.55,31.31
4.267,0.0,20.204,1.551,31.336
4.278,0.0,20.204,1.574,31.801
4.288,0.0,20.2,1.57,31.714
4.299,0.0,20.2,1.572,31.754
4.31,0.0,20.2,1.573,31.775
4.32,0.0,20.204,1.573,31.781
4.331,0.0,20.2,1.573,31.775
4.342,0.0,20.2,1.572,31.754
4.352,0.0,20.204,1.572,31.761
4.363,0.0,20.2,1.572,31.754
4.373,0.0,20.204,1.575,31.821
4.384,0.0,20.204,1.573,31.781
4.395,0.0,20.204,1.572,31.761
4.406,0.0,20.204,1.573,31.781
4.416,0.0,20.2,1.573,31.775
4.427,0.0,20.2,1.572,31.754
4.438,0.0,20.204,1.575,31.821
4.448,0.0,20.2,1.574,31.795
4.459,0.0,20.204,1.569,31.7
4.47,0.0,20.2,1.597,32.259
4.48,0.0,20.2,1.596,32.239
4.49,0.0,20.2,1.594,32.199
4.501,0.0,20.2,1.598,32.28
4.512,0.0,20.2,1.598,32.28
4.522,0.0,20.196,1.595,32.213
4.533,0.0,20.2,1.593,32.179
4.544,0.0,20.2,1.598,32.28
4.554,0.0,20.2,1.596,32.239
4.565,0.0,20.2,1.597,32.259
4.575,0.0,20.2,1.598,32.28
4.586,0.0,20.204,1.597,32.266
4.597,0.0,20.204,1.596,32.246
4.607,0.0,20.2,1.597,32.259
4.618,0.0,20.2,1.597,32.259
4.629,0.0,20.2,1.595,32.219
4.64,0.0,20.204,1.599,32.306
4.65,0.0,20.2,1.596,32.239
4.661,0.0,20.2,1.594,32.199
4.672,0.0,20.2,1.622,32.764
4.682,0.0,20.2,1.619,32.704
4.693,0.0,20.204,1.619,32.71
4.703,0.0,20.204,1.619,32.71
4.714,0.0,20.2,1.619,32.704
4.725,0.0,20.2,1.621,32.744
4.735,0.0,20.2,1.617,32.663
4.746,0.0,20.2,1.619,32.704
4.757,0.0,20.2,1.617,32.663
4.768,0.0,20.2,1.617,32.663
4.778,0.0,20.2,1.62,32.724
4.789,0.0,20.2,1.616,32.643
4.8,0.0,20.2,1.619,32.704
4.81,0.0,20.2,1.616,32.643
4.821,0.0,20.2,1.618,32.684
4.832,0.0,20.2,1.618,32.684
4.842,0.0,20.204,1.617,32.67
4.852,0.0,20.2,1.619,32.704
4.863,0.0,20.2,1.64,33.128
4.873,0.0,20.196,1.641,33.142
4.884,0.0,20.2,1.642,33.168
4.895,0.0,20.2,1.64,33.128
4.905,0.0,20.2,1.641,33.148
4.915,0.0,20.2,1.64,33.128
4.926,0.0,20.196,1.641,33.142
4.937,0.0,20.2,1.641,33.148
4.947,0.0,20.2,1.639,33.108
4.958,0.0,20.2,1.642,33.168
4.969,0.0,20.204,1.639,33.114
4.978,0.0,20.2,1.64,33.128
4.988,0.0,20.2,1.641,33.148
4.998,0.0,20.2,1.641,33.148
5.008,0.0,20.2,1.641,33.148
5.017,0.0,20.2,1.638,33.088
5.027,0.0,20.2,1.64,33.128
5.037,0.0,20.2,1.64,33.128
5.047,0.0,20.196,1.64,33.121
5.058,0.0,20.2,1.662,33.572
5.068,0.0,20.2,1.66,33.532
5.078,0.0,20.2,1.66,33.532
5.089,0.0,20.2,1.663,33.593
5.1,0.0,20.2,1.661,33.552
5.11,0.0,20.196,1.662,33.566
5.12,0.0,20.2,1.661,33.552
5.132,0.0,20.2,1.662,33.572
5.142,0.0,20.2,1.661,33.552
5.152,0.0,20.196,1.659,33.505
5.163,0.0,20.2,1.664,33.613
5.174,0.0,20.196,1.661,33.546
5.184,0.0,20.196,1.662,33.566
5.195,0.0,20.2,1.663,33.593
5.206,0.0,20.2,1.662,33.572
5.216,0.0,20.2,1.662,33.572
5.227,0.0,20.2,1.659,33.512
5.238,0.0,20.2,1.663,33.593
5.248,0.0,20.196,1.681,33.949
5.258,0.0,20.2,1.679,33.916
5.269,0.0,20.196,1.683,33.99
5.28,0.0,20.2,1.68,33.936
5.29,0.0,20.196,1.682,33.97
5.301,0.0,20.196,1.683,33.99
5.311,0.0,20.196,1.683,33.99
5.322,0.0,20.196,1.681,33.949
5.333,0.0,20.196,1.681,33.949
5.343,0.0,20.196,1.683,33.99
5.354,0.0,20.2,1.681,33.956
5.365,0.0,20.2,1.681,33.956
5.375,0.0,20.196,1.683,33.99
5.386,0.0,20.196,1.684,34.01
5.397,0.0,20.196,1.685,34.03
5.407,0.0,20.2,1.681,33.956
5.417,0.0,20.196,1.685,34.03
5.429,0.0,20.196,1.685,34.03
5.439,0.0,20.196,1.69,34.131
5.449,0.0,20.196,1.702,34.374
5.461,0.0,20.2,1.701,34.36
5.471,0.0,20.196,1.702,34.374
5.481,0.0,20.196,1.699,34.313
5.493,0.0,20.196,1.702,34.374
5.503,0.0,20.2,1.7,34.34
5.513,0.0,20.192,1.699,34.306
5.524,0.0,20.196,1.702,34.374
5.535,0.0,20.196,1.702,34.374
5.545,0.0,20.196,1.701,34.353
5.556,0.0,20.196,1.701,34.353
5.567,0.0,20.2,1.702,34.38
5.577,0.0,20.2,1.698,34.3
5.588,0.0,20.2,1.701,34.36
5.599,0.0,20.2,1.702,34.38
5.609,0.0,20.2,1.7,34.34
5.62,0.0,20.2,1.702,34.38
5.631,0.0,20.196,1.702,34.374
5.641,0.0,20.196,1.716,34.656
5.651,0.0,20.196,1.715,34.636
5.663,0.0,20.2,1.716,34.663
5.673,0.0,20.196,1.716,34.656
5.683,0.0,20.2,1.713,34.603
5.695,0.0,20.196,1.716,34.656
5.705,0.0,20.2,1.715,34.643
5.715,0.0,20.196,1.714,34.616
5.726,0.0,20.2,1.716,34.663
5.736,0.0,20.192,1.718,34.69
5.747,0.0,20.2,1.717,34.683
5.758,0.0,20.196,1.716,34.656
5.768,0.0,20.196,1.717,34.677
5.782,0.0,20.196,1.716,34.656
5.793,0.0,20.192,1.716,34.649
5.804,0.0,20.192,1.716,34.649
5.814,0.0,20.196,1.717,34.677
5.825,0.0,20.196,1.713,34.596
5.835,0.0,20.192,1.724,34.811
5.846,0.0,20.196,1.725,34.838
5.858,0.0,20.196,1.721,34.757
5.868,0.0,20.196,1.725,34.838
5.878,0.0,20.196,1.725,34.838
5.89,0.0,20.2,1.721,34.764
5.9,0.0,20.196,1.723,34.798
5.91,0.0,20.2,1.723,34.805
5.922,0.0,20.196,1.726,34.858
5.932,0.0,20.196,1.723,34.798
5.942,0.0,20.196,1.726,34.858
5.953,0.0,20.196,1.726,34.858
5.964,0.0,20.196,1.722,34.778
5.974,0.0,20.196,1.725,34.838
5.986,0.0,20.196,1.724,34.818
5.996,0.0,20.196,1.723,34.798
6.007,0.0,20.196,1.726,34.858
6.018,0.0,20.196,1.725,34.838
6.029,0.0,20.196,1.733,35.0
6.039,0.0,20.2,1.727,34.885
6.05,0.0,20.192,1.732,34.973
6.061,0.0,20.2,1.729,34.926
6.071,0.0,20.196,1.727,34.878
6.083,0.0,20.192,1.73,34.932
6.093,0.0,20.196,1.729,34.919
6.104,0.0,20.196,1.73,34.939
6.115,0.0,20.196,1.728,34.899
6.126,0.0,20.196,1.727,34.878
6.136,0.0,20.196,1.73,34.939
6.147,0.0,20.2,1.727,34.885
6.158,0.0,20.196,1.73,34.939
6.168,0.0,20.196,1.728,34.899
6.179,0.0,20.196,1.729,34.919
6.19,0.0,20.196,1.727,34.878
6.201,0.0,20.2,1.726,34.865
6.211,0.0,20.196,1.728,34.899
6.222,0.0,20.2,1.729,34.926
6.233,0.0,20.196,1.731,34.959
6.243,0.0,20.196,1.729,34.919
6.254,0.0,20.2,1.73,34.946
6.265,0.0,20.2,1.731,34.966
6.275,0.0,20.196,1.728,34.899
6.286,0.0,20.2,1.732,34.986
6.296,0.0,20.196,1.73,34.939
6.307,0.0,20.2,1.73,34.946
6.319,0.0,20.196,1.732,34.979
6.33,0.0,20.196,1.731,34.959
6.341,0.0,20.196,1.732,34.979
6.352,0.0,20.196,1.73,34.939
6.363,0.0,20.196,1.732,34.979
6.374,0.0,20.196,1.731,34.959
6.385,0.0,20.196,1.731,34.959
6.394,0.0,20.196,1.729,34.919
6.404,0.0,20.196,1.729,34.919
6.415,0.0,20.196,1.734,35.02
6.424,0.0,20.196,1.732,34.979
6.434,0.0,20.196,1.731,34.959
6.444,0.0,20.2,1.733,35.007
6.454,0.0,20.192,1.731,34.952
6.463,0.0,20.196,1.73,34.939
6.473,0.0,20.196,1.733,35.0
6.484,0.0,20.196,1.731,34.959
6.495,0.0,20.196,1.732,34.979
6.506,0.0,20.196,1.731,34.959
6.517,0.0,20.196,1.732,34.979
6.528,0.0,20.196,1.731,34.959
6.543,0.0,20.2,1.731,34.966
6.554,0.0,20.2,1.732,34.986
6.565,0.0,20.2,1.731,34.966
6.576,0.0,20.196,1.73,34.939
6.585,0.0,20.196,1.733,35.0
6.593,0.0,20.196,1.731,34.959
6.601,0.0,20.2,1.731,34.966
6.609,0.0,20.196,1.732,34.979
6.617,0.0,20.192,1.732,34.973
6.625,0.0,20.196,1.732,34.979
6.632,0.0,20.196,1.732,34.979
6.64,0.0,20.196,1.732,34.979
6.649,0.0,20.196,1.731,34.959
6.656,0.0,20.2,1.732,34.986
6.664,0.0,20.196,1.731,34.959
6.672,0.0,20.196,1.731,34.959
6.68,0.0,20.196,1.732,34.979
6.688,0.0,20.196,1.73,34.939
6.696,0.0,20.196,1.731,34.959
6.704,0.0,20.196,1.732,34.979
6.713,0.0,20.196,1.732,34.979
6.72,0.0,20.196,1.731,34.959
6.728,0.0,20.196,1.732,34.979
6.737,0.0,20.196,1.733,35.0
6.745,0.0,20.196,1.734,35.02
6.753,0.0,20.196,1.732,34.979
6.761,0.0,20.192,1.734,35.013
6.769,0.0,20.196,1.731,34.959
6.778,0.0,20.196,1.735,35.04
6.786,0.0,20.192,1.735,35.033
6.793,0.0,20.196,1.733,35.0
6.802,0.0,20.196,1.733,35.0
6.81,0.0,20.196,1.733,35.0
6.818,0.0,20.196,1.73,34.939
6.826,0.0,20.196,1.733,35.0
6.835,0.0,20.196,1.732,34.979
6.843,0.0,20.2,1.733,35.007
6.851,0.0,20.2,1.735,35.047
6.859,0.0,20.196,1.734,35.02
6.867,0.0,20.196,1.734,35.02
6.876,0.0,20.196,1.733,35.0
6.884,0.0,20.196,1.735,35.04
6.891,0.0,20.196,1.732,34.979
6.9,0.0,20.196,1.734,35.02
6.908,0.0,20.196,1.734,35.02
6.916,0.0,20.196,1.735,35.04
6.924,0.0,20.196,1.735,35.04
6.932,0.0,20.192,1.732,34.973
6.941,0.0,20.196,1.733,35.0
6.949,0.0,20.2,1.734,35.027
6.956,0.0,20.196,1.731,34.959
6.965,0.0,20.2,1.734,35.027
6.973,0.0,20.196,1.732,34.979
6.981,0.0,20.2,1.734,35.027
6.989,0.0,20.2,1.73,34.946
6.998,0.0,20.196,1.734,35.02
7.006,0.0,20.2,1.731,34.966
7.014,0.0,20.192,1.734,35.013
7.022,0.0,20.2,1.734,35.027
7.03,0.0,20.196,1.734,35.02
7.039,0.0,20.196,1.735,35.04
7.046,0.0,20.196,1.735,35.04
7.054,0.0,20.192,1.734,35.013
7.063,0.0,20.196,1.732,34.979
7.071,0.0,20.196,1.735,35.04
7.079,0.0,20.196,1.731,34.959
7.087,0.0,20.196,1.734,35.02
7.096,0.0,20.196,1.733,35.0
7.104,0.0,20.2,1.734,35.027
7.112,0.0,20.2,1.732,34.986
7.119,0.0,20.196,1.735,35.04
7.128,0.0,20.196,1.734,35.02
7.137,0.0,20.196,1.733,35.0
7.144,0.0,20.2,1.733,35.007
7.152,0.0,20.196,1.736,35.06
7.161,0.0,20.196,1.731,34.959
7.169,0.0,20.2,1.733,35.007
7.177,0.0,20.2,1.735,35.047
7.185,0.0,20.2,1.735,35.047
7.193,0.0,20.196,1.731,34.959
7.202,0.0,20.196,1.736,35.06
7.21,0.0,20.2,1.734,35.027
7.218,0.0,20.196,1.735,35.04
7.226,0.0,20.2,1.736,35.067
7.235,0.0,20.2,1.732,34.986
7.242,0.0,20.196,1.733,35.0
7.25,0.0,20.196,1.733,35.0
7.259,0.0,20.196,1.735,35.04
7.267,0.0,20.196,1.732,34.979
7.275,0.0,20.196,1.735,35.04
7.283,0.0,20.196,1.736,35.06
7.295,0.0,20.196,1.735,35.04
7.306,0.0,20.196,1.735,35.04
7.316,0.0,20.2,1.732,34.986
7.328,0.0,20.2,1.733,35.007
7.339,0.0,20.196,1.735,35.04
7.349,0.0,20.196,1.733,35.0
7.361,0.0,20.2,1.733,35.007
7.371,0.0,20.2,1.732,34.986
7.382,0.0,20.2,1.736,35.067
7.393,0.0,20.2,1.733,35.007
7.404,0.0,20.2,1.733,35.007
7.415,0.0,20.196,1.732,34.979
7.426,0.0,20.196,1.731,34.959
7.437,0.0,20.2,1.733,35.007
7.447,0.0,20.2,1.728,34.906
7.459,0.0,20.196,1.732,34.979
7.47,0.0,20.196,1.732,34.979
7.48,0.0,20.196,1.731,34.959
7.492,0.0,20.2,1.73,34.946
7.503,0.0,20.2,1.729,34.926
7.513,0.0,20.2,1.732,34.986
7.525,0.0,20.196,1.73,34.939
7.536,0.0,20.196,1.733,35.0
7.546,0.0,20.196,1.729,34.919
7.558,0.0,20.196,1.73,34.939
7.569,0.0,20.2,1.733,35.007
7.579,0.0,20.196,1.732,34.979
7.591,0.0,20.196,1.734,35.02
7.602,0.0,20.196,1.731,34.959
7.612,0.0,20.196,1.733,35.0
7.624,0.0,20.196,1.733,35.0
7.635,0.0,20.196,1.732,34.979
7.646,0.0,20.196,1.733,35.0
7.657,0.0,20.2,1.73,34.946
7.668,0.0,20.2,1.732,34.986
7.678,0.0,20.2,1.729,34.926
7.69,0.0,20.2,1.733,35.007
7.7,0.0,20.196,1.732,34.979
7.711,0.0,20.2,1.732,34.986
7.722,0.0,20.196,1.732,34.979
7.733,0.0,20.2,1.73,34.946
7.744,0.0,20.196,1.732,34.979
7.755,0.0,20.196,1.732,34.979
7.766,0.0,20.196,1.732,34.979
7.777,0.0,20.196,1.731,34.959
7.788,0.0,20.196,1.732,34.979
7.799,0.0,20.196,1.732,34.979
7.809,0.0,20.196,1.732,34.979
7.821,0.0,20.2,1.732,34.986
7.832,0.0,20.2,1.733,35.007
7.842,0.0,20.2,1.732,34.986
7.854,0.0,20.2,1.734,35.027
7.864,0.0,20.196,1.732,34.979
7.875,0.0,20.196,1.734,35.02
7.886,0.0,20.2,1.731,34.966
7.897,0.0,20.2,1.733,35.007
7.907,0.0,20.2,1.731,34.966
7.919,0.0,20.196,1.733,35.0
7.93,0.0,20.196,1.732,34.979
7.94,0.0,20.196,1.731,34.959
7.952,0.0,20.196,1.733,35.0
7.963,0.0,20.196,1.732,34.979
7.973,0.0,20.196,1.733,35.0
7.985,0.0,20.196,1.733,35.0
7.995,0.0,20.196,1.733,35.0
8.005,0.0,20.196,1.731,34.959
8.016,0.0,20.196,1.731,34.959
8.026,0.0,20.2,1.732,34.986
8.035,0.0,20.2,1.731,34.966
8.046,0.0,20.196,1.734,35.02
8.056,0.0,20.196,1.732,34.979
8.066,0.0,20.2,1.732,34.986
8.076,0.0,20.2,1.733,35.007
8.086,0.0,20.196,1.733,35.0
8.097,0.0,20.196,1.736,35.06
8.108,0.0,20.196,1.732,34.979
8.119,0.0,20.196,1.738,35.101
8.13,0.0,20.196,1.735,35.04
8.141,0.0,20.196,1.732,34.979
8.152,0.0,20.2,1.734,35.027
8.163,0.0,20.2,1.733,35.007
8.174,0.0,20.2,1.734,35.027
8.185,0.0,20.196,1.733,35.0
8.195,0.0,20.196,1.734,35.02
8.206,0.0,20.196,1.734,35.02
8.218,0.0,20.2,1.731,34.966
8.228,0.0,20.196,1.736,35.06
8.239,0.0,20.2,1.733,35.007
8.25,0.0,20.196,1.735,35.04
8.261,0.0,20.196,1.73,34.939
8.272,0.0,20.196,1.735,35.04
8.283,0.0,20.196,1.734,35.02
8.293,0.0,20.196,1.734,35.02
8.304,0.0,20.2,1.733,35.007
8.316,0.0,20.196,1.731,34.959
8.326,0.0,20.192,1.733,34.993
8.337,0.0,20.196,1.734,35.02
8.349,0.0,20.196,1.736,35.06
8.359,0.0,20.196,1.734,35.02
8.37,0.0,20.196,1.73,34.939
8.382,0.0,20.2,1.735,35.047
8.392,0.0,20.2,1.732,34.986
8.403,0.0,20.196,1.736,35.06
8.414,0.0,20.196,1.735,35.04
8.425,0.0,20.196,1.735,35.04
8.436,0.0,20.2,1.732,34.986
8.447,0.0,20.196,1.731,34.959
8.458,0.0,20.2,1.734,35.027
8.469,0.0,20.196,1.733,35.0
8.48,0.0,20.196,1.732,34.979
8.491,0.0,20.196,1.734,35.02
8.501,0.0,20.196,1.736,35.06
8.511,0.0,20.2,1.736,35.067
8.522,0.0,20.196,1.734,35.02
8.531,0.0,20.196,1.735,35.04
8.541,0.0,20.196,1.732,34.979
8.552,0.0,20.2,1.733,35.007
8.561,0.0,20.196,1.735,35.04
8.571,0.0,20.196,1.73,34.939
8.582,0.0,20.196,1.737,35.08
8.592,0.0,20.196,1.733,35.0
8.603,0.0,20.196,1.73,34.939
8.614,0.0,20.196,1.735,35.04
8.625,0.0,20.2,1.733,35.007
8.635,0.0,20.196,1.735,35.04
8.647,0.0,20.196,1.733,35.0
8.658,0.0,20.192,1.735,35.033
8.668,0.0,20.2,1.732,34.986
8.68,0.0,20.196,1.734,35.02
8.691,0.0,20.196,1.735,35.04
8.701,0.0,20.2,1.735,35.047
8.713,0.0,20.192,1.733,34.993
8.724,0.0,20.192,1.733,34.993
8.734,0.0,20.2,1.732,34.986
8.746,0.0,20.196,1.734,35.02
8.756,0.0,20.196,1.735,35.04
8.767,0.0,20.196,1.734,35.02
8.779,0.0,20.196,1.732,34.979
8.79,0.0,20.2,1.734,35.027
8.801,0.0,20.2,1.73,34.946
8.812,0.0,20.196,1.729,34.919
8.823,0.0,20.196,1.731,34.959
8.834,0.0,20.196,1.731,34.959
8.846,0.0,20.196,1.733,35.0
8.856,0.0,20.196,1.731,34.959
8.867,0.0,20.196,1.734,35.02
8.879,0.0,20.196,1.73,34.939
8.889,0.0,20.2,1.732,34.986
8.9,0.0,20.196,1.732,34.979
8.911,0.0,20.196,1.733,35.0
8.922,0.0,20.196,1.734,35.02
8.933,0.0,20.2,1.731,34.966
8.944,0.0,20.196,1.733,35.0
8.955,0.0,20.196,1.733,35.0
8.966,0.0,20.196,1.732,34.979
8.977,0.0,20.196,1.731,34.959
8.988,0.0,20.196,1.73,34.939
8.998,0.0,20.196,1.731,34.959
9.01,0.0,20.196,1.73,34.939
9.021,0.0,20.196,1.732,34.979
9.032,0.0,20.2,1.731,34.966
9.043,0.0,20.196,1.731,34.959
9.054,0.0,20.2,1.73,34.946
9.064,0.0,20.196,1.73,34.939
9.076,0.0,20.2,1.732,34.986
9.087,0.0,20.196,1.729,34.919
9.097,0.0,20.196,1.733,35.0
9.109,0.0,20.196,1.732,34.979
9.12,0.0,20.196,1.73,34.939
9.131,0.0,20.2,1.73,34.946
9.142,0.0,20.2,1.732,34.986
9.153,0.0,20.2,1.732,34.986
9.163,0.0,20.196,1.73,34.939
9.175,0.0,20.196,1.732,34.979
9.186,0.0,20.2,1.733,35.007
9.196,0.0,20.2,1.732,34.986
9.208,0.0,20.2,1.732,34.986
9.219,0.0,20.196,1.729,34.919
9.229,0.0,20.196,1.732,34.979
9.241,0.0,20.196,1.731,34.959
9.252,0.0,20.196,1.731,34.959
9.262,0.0,20.196,1.73,34.939
9.274,0.0,20.196,1.732,34.979
9.285,0.0,20.196,1.731,34.959
9.296,0.0,20.2,1.732,34.986
9.307,0.0,20.196,1.73,34.939
9.318,0.0,20.196,1.733,35.0
9.329,0.0,20.2,1.732,34.986
9.34,0.0,20.192,1.731,34.952
9.351,0.0,20.196,1.732,34.979
9.362,0.0,20.2,1.73,34.946
9.373,0.0,20.196,1.729,34.919
9.384,0.0,20.196,1.733,35.0
9.395,0.0,20.196,1.732,34.979
9.406,0.0,20.2,1.731,34.966
9.417,0.0,20.2,1.732,34.986
9.427,0.0,20.196,1.732,34.979
9.439,0.0,20.2,1.731,34.966
9.45,0.0,20.2,1.733,35.007
9.46,0.0,20.196,1.731,34.959
9.472,0.0,20.2,1.735,35.047
9.482,0.0,20.196,1.735,35.04
9.493,0.0,20.196,1.734,35.02
9.504,0.0,20.2,1.732,34.986
9.515,0.0,20.196,1.734,35.02
9.525,0.0,20.196,1.735,35.04
9.537,0.0,20.196,1.735,35.04
9.548,0.0,20.2,1.734,35.027
9.558,0.0,20.196,1.735,35.04
9.57,0.0,20.196,1.732,34.979
9.58,0.0,20.196,1.736,35.06
9.591,0.0,20.196,1.733,35.0
9.602,0.0,20.196,1.734,35.02
9.613,0.0,20.2,1.733,35.007
9.624,0.0,20.192,1.734,35.013
9.635,0.0,20.196,1.734,35.02
9.646,0.0,20.196,1.734,35.02
9.656,0.0,20.196,1.735,35.04
9.668,0.0,20.196,1.734,35.02
9.678,0.0,20.196,1.734,35.02
9.689,0.0,20.196,1.735,35.04
9.7,0.0,20.196,1.733,35.0
9.711,0.0,20.2,1.734,35.027
9.722,0.0,20.196,1.732,34.979
9.733,0.0,20.196,1.733,35.0
9.744,0.0,20.196,1.733,35.0
9.755,0.0,20.196,1.731,34.959
9.766,0.0,20.196,1.735,35.04
9.777,0.0,20.192,1.732,34.973
9.787,0.0,20.196,1.733,35.0
9.799,0.0,20.196,1.732,34.979
9.809,0.0,20.192,1.735,35.033
9.82,0.0,20.196,1.735,35.04
9.832,0.0,20.196,1.732,34.979
9.842,0.0,20.196,1.733,35.0
9.853,0.0,20.196,1.734,35.02
9.864,0.0,20.196,1.732,34.979
9.875,0.0,20.2,1.733,35.007
9.885,0.0,20.196,1.736,35.06
9.897,0.0,20.196,1.733,35.0
9.908,0.0,20.2,1.731,34.966
9.918,0.0,20.196,1.735,35.04
9.93,0.0,20.196,1.733,35.0
9.94,0.0,20.196,1.735,35.04
9.951,0.0,20.196,1.734,35.02
9.962,0.0,20.196,1.734,35.02
9.973,0.0,20.196,1.733,35.0
9.984,0.0,20.2,1.734,35.027
9.995,0.0,20.2,1.735,35.047
10.006,0.0,20.196,1.734,35.02
10.017,0.0,20.196,1.735,35.04
10.028,0.0,20.196,1.735,35.04
10.039,0.0,20.196,1.734,35.02
10.049,0.0,20.196,1.733,35.0
10.061,0.0,20.2,1.734,35.027
10.071,0.0,20.196,1.735,35.04
10.082,0.0,20.196,1.73,34.939
10.094,0.0,20.196,1.734,35.02
10.104,0.0,20.196,1.733,35.0
10.115,0.0,20.196,1.733,35.0
10.126,0.0,20.196,1.733,35.0
10.137,0.0,20.2,1.734,35.027
10.148,0.0,20.196,1.734,35.02
10.159,0.0,20.196,1.731,34.959
10.17,0.0,20.196,1.734,35.02
10.181,0.0,20.196,1.735,35.04
10.192,0.0,20.2,1.733,35.007
10.203,0.0,20.196,1.734,35.02
10.213,0.0,20.196,1.731,34.959
10.225,0.0,20.196,1.735,35.04
10.236,0.0,20.196,1.731,34.959
10.246,0.0,20.196,1.733,35.0
10.258,0.0,20.196,1.731,34.959
10.268,0.0,20.196,1.733,35.0
10.279,0.0,20.2,1.731,34.966
10.29,0.0,20.2,1.732,34.986
10.301,0.0,20.2,1.734,35.027
10.312,0.0,20.2,1.734,35.027
10.323,0.0,20.196,1.732,34.979
10.334,0.0,20.196,1.732,34.979
10.344,0.0,20.196,1.73,34.939
10.356,0.0,20.196,1.733,35.0
10.366,0.0,20.196,1.731,34.959
10.377,0.0,20.2,1.732,34.986
10.389,0.0,20.196,1.73,34.939
10.399,0.0,20.196,1.732,34.979
10.41,0.0,20.196,1.733,35.0
10.422,0.0,20.2,1.732,34.986
10.432,0.0,20.192,1.732,34.973
10.443,0.0,20.196,1.732,34.979
10.454,0.0,20.196,1.732,34.979
10.465,0.0,20.196,1.732,34.979
10.476,0.0,20.196,1.733,35.0
10.487,0.0,20.196,1.733,35.0
10.498,0.0,20.196,1.732,34.979
10.508,0.0,20.196,1.732,34.979
10.52,0.0,20.196,1.733,35.0
10.531,0.0,20.196,1.731,34.959
10.541,0.0,20.2,1.733,35.007
10.553,0.0,20.196,1.733,35.0
10.564,0.0,20.196,1.732,34.979
10.574,0.0,20.2,1.731,34.966
10.586,0.0,20.196,1.732,34.979
10.596,0.0,20.196,1.733,35.0
10.607,0.0,20.196,1.732,34.979
10.619,0.0,20.196,1.732,34.979
10.629,0.0,20.196,1.732,34.979
10.64,0.0,20.196,1.732,34.979
10.651,0.0,20.196,1.732,34.979
10.662,0.0,20.196,1.733,35.0
10.673,0.0,20.196,1.732,34.979
10.684,0.0,20.2,1.733,35.007
10.695,0.0,20.196,1.733,35.0
10.706,0.0,20.2,1.733,35.007
10.717,0.0,20.2,1.731,34.966
10.728,0.0,20.2,1.733,35.007
10.739,0.0,20.196,1.731,34.959
10.75,0.0,20.196,1.731,34.959
10.761,0.0,20.196,1.731,34.959
10.771,0.0,20.196,1.734,35.02
10.783,0.0,20.196,1.731,34.959
10.794,0.0,20.196,1.73,34.939
10.804,0.0,20.196,1.732,34.979
10.816,0.0,20.196,1.734,35.02
10.826,0.0,20.2,1.735,35.047
10.837,0.0,20.196,1.736,35.06
10.848,0.0,20.196,1.735,35.04
10.859,0.0,20.196,1.737,35.08
10.87,0.0,20.196,1.732,34.979
10.881,0.0,20.196,1.734,35.02
10.892,0.0,20.196,1.735,35.04
10.903,0.0,20.2,1.737,35.087
10.914,0.0,20.196,1.736,35.06
10.925,0.0,20.196,1.735,35.04
10.936,0.0,20.2,1.734,35.027
10.947,0.0,20.2,1.734,35.027
10.958,0.0,20.196,1.735,35.04
10.968,0.0,20.196,1.735,35.04
10.98,0.0,20.196,1.733,35.0
10.991,0.0,20.196,1.736,35.06
11.001,0.0,20.196,1.736,35.06
11.013,0.0,20.196,1.734,35.02
11.024,0.0,20.196,1.735,35.04
11.034,0.0,20.196,1.736,35.06
11.046,0.0,20.2,1.736,35.067
11.057,0.0,20.196,1.732,34.979
11.067,0.0,20.196,1.736,35.06
11.079,0.0,20.2,1.734,35.027
11.09,0.0,20.2,1.736,35.067
11.1,0.0,20.196,1.737,35.08
11.112,0.0,20.196,1.736,35.06
11.122,0.0,20.196,1.733,35.0
11.133,0.0,20.196,1.734,35.02
11.145,0.0,20.196,1.737,35.08
11.155,0.0,20.2,1.735,35.047
11.166,0.0,20.196,1.736,35.06
11.178,0.0,20.196,1.735,35.04
11.188,0.0,20.2,1.738,35.108
11.199,0.0,20.2,1.734,35.027
11.211,0.0,20.196,1.736,35.06
11.222,0.0,20.196,1.737,35.08
11.232,0.0,20.196,1.736,35.06
11.244,0.0,20.196,1.736,35.06
11.254,0.0,20.196,1.735,35.04
11.265,0.0,20.196,1.736,35.06
11.276,0.0,20.196,1.736,35.06
11.287,0.0,20.196,1.737,35.08
11.298,0.0,20.196,1.736,35.06
11.309,0.0,20.196,1.732,34.979
11.32,0.0,20.196,1.737,35.08
11.331,0.0,20.196,1.734,35.02
11.341,0.0,20.196,1.736,35.06
11.353,0.0,20.196,1.734,35.02
11.363,0.0,20.196,1.735,35.04
11.375,0.0,20.196,1.736,35.06
11.386,0.0,20.196,1.732,34.979
11.396,0.0,20.196,1.735,35.04
11.407,0.0,20.196,1.736,35.06
11.419,0.0,20.2,1.736,35.067
11.429,0.0,20.196,1.732,34.979
11.44,0.0,20.2,1.733,35.007
11.452,0.0,20.196,1.737,35.08
11.462,0.0,20.2,1.734,35.027
11.473,0.0,20.196,1.736,35.06
11.484,0.0,20.196,1.734,35.02
11.495,0.0,20.196,1.735,35.04
11.506,0.0,20.196,1.733,35.0
11.517,0.0,20.196,1.734,35.02
11.528,0.0,20.196,1.732,34.979
11.538,0.0,20.196,1.733,35.0
11.55,0.0,20.196,1.733,35.0
11.561,0.0,20.196,1.732,34.979
11.571,0.0,20.196,1.732,34.979
11.583,0.0,20.196,1.732,34.979
11.594,0.0,20.2,1.733,35.007
11.604,0.0,20.2,1.733,35.007
11.616,0.0,20.196,1.733,35.0
11.626,0.0,20.196,1.733,35.0
11.637,0.0,20.196,1.734,35.02
11.649,0.0,20.196,1.734,35.02
11.659,0.0,20.196,1.733,35.0
11.669,0.0,20.196,1.73,34.939
11.681,0.0,20.196,1.733,35.0
11.691,0.0,20.196,1.733,35.0
11.701,0.0,20.2,1.732,34.986
11.712,0.0,20.196,1.73,34.939
11.722,0.0,20.2,1.731,34.966
11.732,0.0,20.196,1.733,35.0
11.742,0.0,20.196,1.733,35.0
11.752,0.0,20.2,1.733,35.007
11.761,0.0,20.196,1.732,34.979
11.771,0.0,20.196,1.732,34.979
11.781,0.0,20.2,1.733,35.007
11.791,0.0,20.196,1.734,35.02
11.8,0.0,20.2,1.732,34.986
11.811,0.0,20.2,1.731,34.966
11.822,0.0,20.192,1.731,34.952
11.832,0.0,20.196,1.732,34.979
11.843,0.0,20.196,1.731,34.959
11.854,0.0,20.196,1.734,35.02
11.864,0.0,20.2,1.733,35.007
11.875,0.0,20.2,1.733,35.007
11.886,0.0,20.196,1.734,35.02
11.896,0.0,20.2,1.733,35.007
11.907,0.0,20.196,1.732,34.979
11.917,0.0,20.196,1.733,35.0
11.927,0.0,20.2,1.733,35.007
11.937,0.0,20.196,1.731,34.959
11.947,0.0,20.196,1.732,34.979
11.956,0.0,20.196,1.733,35.0
11.966,0.0,20.2,1.732,34.986
11.976,0.0,20.196,1.733,35.0
11.986,0.0,20.2,1.733,35.007
11.996,0.0,20.2,1.732,34.986
12.006,0.0,20.196,1.735,35.04
12.016,0.0,20.196,1.732,34.979
12.025,0.0,20.196,1.732,34.979
12.035,0.0,20.196,1.733,35.0
12.045,0.0,20.2,1.732,34.986
12.055,0.0,20.196,1.732,34.979
12.064,0.0,20.196,1.734,35.02
12.075,0.0,20.2,1.732,34.986
12.084,0.0,20.196,1.733,35.0
12.093,0.0,20.2,1.728,34.906
12.104,0.0,20.196,1.732,34.979
12.114,0.0,20.196,1.732,34.979
12.125,0.0,20.2,1.731,34.966
12.136,0.0,20.2,1.733,35.007
12.146,0.0,20.196,1.73,34.939
12.157,0.0,20.196,1.732,34.979
12.168,0.0,20.2,1.733,35.007
12.178,0.0,20.192,1.732,34.973
12.191,0.0,20.196,1.736,35.06
12.203,0.0,20.2,1.733,35.007
12.213,0.0,20.2,1.737,35.087
12.223,0.0,20.196,1.734,35.02
12.234,0.0,20.196,1.734,35.02
12.244,0.0,20.2,1.736,35.067
12.253,0.0,20.2,1.734,35.027
12.263,0.0,20.2,1.735,35.047
12.273,0.0,20.196,1.734,35.02
12.283,0.0,20.196,1.733,35.0
12.3,0.0,20.196,1.737,35.08
12.309,0.0,20.2,1.733,35.007
12.32,0.0,20.196,1.736,35.06
12.331,0.0,20.2,1.73,34.946
12.342,0.0,20.196,1.736,35.06
12.352,0.0,20.2,1.733,35.007
12.363,0.0,20.196,1.736,35.06
12.374,0.0,20.2,1.735,35.047
12.385,0.0,20.2,1.733,35.007
12.397,0.0,20.2,1.734,35.027
12.408,0.0,20.196,1.732,34.979
12.418,0.0,20.196,1.738,35.101
12.43,0.0,20.196,1.735,35.04
12.441,0.0,20.2,1.735,35.047
12.451,0.0,20.196,1.733,35.0
12.463,0.0,20.2,1.735,35.047
12.474,0.0,20.196,1.734,35.02
12.484,0.0,20.2,1.733,35.007
12.496,0.0,20.2,1.735,35.047
12.507,0.0,20.196,1.733,35.0
12.517,0.0,20.196,1.733,35.0
12.529,0.0,20.196,1.735,35.04
12.54,0.0,20.196,1.735,35.04
12.55,0.0,20.2,1.735,35.047
12.562,0.0,20.2,1.733,35.007
12.573,0.0,20.196,1.736,35.06
12.583,0.0,20.196,1.734,35.02
12.595,0.0,20.192,1.732,34.973
12.605,0.0,20.196,1.735,35.04
12.616,0.0,20.2,1.732,34.986
12.628,0.0,20.196,1.735,35.04
12.639,0.0,20.196,1.733,35.0
12.649,0.0,20.196,1.735,35.04
12.66,0.0,20.196,1.732,34.979
12.671,0.0,20.2,1.735,35.047
12.682,0.0,20.196,1.735,35.04
12.693,0.0,20.196,1.734,35.02
12.704,0.0,20.196,1.736,35.06
12.714,0.0,20.196,1.735,35.04
12.726,0.0,20.196,1.735,35.04
12.737,0.0,20.2,1.734,35.027
12.747,0.0,20.196,1.733,35.0
12.759,0.0,20.2,1.735,35.047
12.77,0.0,20.196,1.735,35.04
12.78,0.0,20.196,1.734,35.02
12.792,0.0,20.196,1.733,35.0
12.803,0.0,20.196,1.736,35.06
12.813,0.0,20.196,1.736,35.06
12.825,0.0,20.196,1.734,35.02
12.836,0.0,20.196,1.732,34.979
12.846,0.0,20.196,1.733,35.0
12.858,0.0,20.2,1.733,35.007
12.869,0.0,20.2,1.732,34.986
12.879,0.0,20.2,1.732,34.986
12.891,0.0,20.196,1.732,34.979
12.902,0.0,20.2,1.732,34.986
12.912,0.0,20.196,1.732,34.979
12.923,0.0,20.2,1.731,34.966
12.934,0.0,20.196,1.733,35.0
12.945,0.0,20.2,1.731,34.966
12.956,0.0,20.2,1.732,34.986
12.967,0.0,20.2,1.732,34.986
12.978,0.0,20.2,1.733,35.007
12.989,0.0,20.196,1.732,34.979
13.0,0.0,20.2,1.733,35.007
13.011,0.0,20.2,1.733,35.007
13.023,0.0,20.196,1.732,34.979
13.033,0.0,20.196,1.734,35.02
13.044,0.0,20.2,1.732,34.986
13.056,0.0,20.196,1.733,35.0
13.067,0.0,20.196,1.733,35.0
13.077,0.0,20.196,1.733,35.0
13.089,0.0,20.196,1.732,34.979
13.099,0.0,20.2,1.733,35.007
13.11,0.0,20.196,1.733,35.0
13.121,0.0,20.196,1.733,35.0
13.132,0.0,20.196,1.731,34.959
13.143,0.0,20.196,1.731,34.959
13.154,0.0,20.196,1.731,34.959
13.165,0.0,20.196,1.732,34.979
13.175,0.0,20.196,1.732,34.979
13.186,0.0,20.196,1.731,34.959
13.197,0.0,20.196,1.733,35.0
13.207,0.0,20.196,1.732,34.979
13.218,0.0,20.196,1.731,34.959
13.229,0.0,20.2,1.732,34.986
13.239,0.0,20.2,1.731,34.966
13.25,0.0,20.2,1.731,34.966
13.261,0.0,20.196,1.732,34.979
13.271,0.0,20.2,1.731,34.966
13.282,0.0,20.2,1.733,35.007
13.293,0.0,20.2,1.731,34.966
13.303,0.0,20.2,1.731,34.966
13.314,0.0,20.2,1.732,34.986
13.325,0.0,20.2,1.728,34.906
13.335,0.0,20.196,1.734,35.02
13.346,0.0,20.2,1.731,34.966
13.357,0.0,20.196,1.731,34.959
13.367,0.0,20.192,1.732,34.973
13.379,0.0,20.196,1.731,34.959
13.39,0.0,20.196,1.732,34.979
13.4,0.0,20.196,1.73,34.939
13.411,0.0,20.196,1.733,35.0
13.422,0.0,20.2,1.733,35.007
13.431,0.0,20.196,1.733,35.0
13.441,0.0,20.196,1.735,35.04
13.452,0.0,20.2,1.732,34.986
13.462,0.0,20.196,1.733,35.0
13.472,0.0,20.196,1.732,34.979
13.482,0.0,20.196,1.733,35.0
13.492,0.0,20.196,1.732,34.979
13.502,0.0,20.196,1.731,34.959
13.513,0.0,20.196,1.733,35.0
13.524,0.0,20.196,1.734,35.02
13.534,0.0,20.196,1.734,35.02
13.546,0.0,20.196,1.734,35.02
13.557,0.0,20.2,1.731,34.966
13.568,0.0,20.196,1.736,35.06
13.58,0.0,20.196,1.736,35.06
13.591,0.0,20.2,1.734,35.027
13.601,0.0,20.196,1.732,34.979
13.613,0.0,20.2,1.733,35.007
13.624,0.0,20.196,1.736,35.06
13.634,0.0,20.2,1.731,34.966
13.646,0.0,20.2,1.735,35.047
13.657,0.0,20.2,1.733,35.007
13.668,0.0,20.2,1.734,35.027
13.68,0.0,20.196,1.734,35.02
13.691,0.0,20.196,1.735,35.04
13.701,0.0,20.2,1.735,35.047
13.713,0.0,20.2,1.731,34.966
13.723,0.0,20.2,1.736,35.067
13.733,0.0,20.2,1.734,35.027
13.744,0.0,20.196,1.734,35.02
13.754,0.0,20.196,1.736,35.06
13.763,0.0,20.196,1.735,35.04
13.774,0.0,20.2,1.734,35.027
13.784,0.0,20.196,1.734,35.02
13.794,0.0,20.196,1.732,34.979
13.804,0.0,20.196,1.736,35.06
13.815,0.0,20.196,1.735,35.04
13.824,0.0,20.196,1.734,35.02
13.834,0.0,20.196,1.734,35.02
13.845,0.0,20.196,1.734,35.02
13.854,0.0,20.196,1.734,35.02
13.864,0.0,20.196,1.734,35.02
13.875,0.0,20.2,1.735,35.047
13.885,0.0,20.196,1.734,35.02
13.895,0.0,20.196,1.734,35.02
13.905,0.0,20.196,1.735,35.04
13.916,0.0,20.196,1.732,34.979
13.926,0.0,20.196,1.734,35.02
13.938,0.0,20.2,1.734,35.027
13.949,0.0,20.196,1.733,35.0
13.959,0.0,20.2,1.734,35.027
13.971,0.0,20.2,1.735,35.047
13.982,0.0,20.192,1.734,35.013
13.992,0.0,20.196,1.732,34.979
14.004,0.0,20.196,1.735,35.04
14.015,0.0,20.196,1.735,35.04
14.026,0.0,20.196,1.732,34.979
14.037,0.0,20.2,1.736,35.067
14.048,0.0,20.196,1.736,35.06
14.058,0.0,20.196,1.735,35.04
14.07,0.0,20.2,1.732,34.986
14.081,0.0,20.196,1.736,35.06
14.091,0.0,20.196,1.736,35.06
14.103,0.0,20.2,1.736,35.067
14.114,0.0,20.196,1.736,35.06
14.124,0.0,20.196,1.735,35.04
14.135,0.0,20.2,1.734,35.027
14.147,0.0,20.196,1.735,35.04
14.158,0.0,20.196,1.735,35.04
14.169,0.0,20.196,1.734,35.02
14.18,0.0,20.2,1.734,35.027
14.191,0.0,20.2,1.736,35.067
14.202,0.0,20.196,1.734,35.02
14.213,0.0,20.192,1.734,35.013
14.223,0.0,20.196,1.733,35.0
14.234,0.0,20.196,1.732,34.979
14.246,0.0,20.196,1.734,35.02
14.256,0.0,20.196,1.733,35.0
14.267,0.0,20.196,1.731,34.959
14.279,0.0,20.2,1.733,35.007
14.289,0.0,20.192,1.734,35.013
14.3,0.0,20.2,1.734,35.027
14.312,0.0,20.2,1.733,35.007
14.322,0.0,20.196,1.734,35.02
14.333,0.0,20.196,1.733,35.0
14.345,0.0,20.196,1.732,34.979
14.355,0.0,20.2,1.736,35.067
14.366,0.0,20.2,1.734,35.027
14.378,0.0,20.2,1.735,35.047
14.388,0.0,20.2,1.735,35.047
14.4,0.0,20.2,1.734,35.027
14.411,0.0,20.196,1.731,34.959
14.422,0.0,20.196,1.732,34.979
14.433,0.0,20.196,1.731,34.959
14.444,0.0,20.196,1.733,35.0
14.454,0.0,20.2,1.732,34.986
14.465,0.0,20.196,1.735,35.04
14.477,0.0,20.2,1.732,34.986
14.487,0.0,20.2,1.733,35.007
14.498,0.0,20.196,1.731,34.959
14.51,0.0,20.2,1.732,34.986
14.52,0.0,20.196,1.731,34.959
14.531,0.0,20.196,1.733,35.0
14.542,0.0,20.2,1.732,34.986
14.553,0.0,20.196,1.731,34.959
14.564,0.0,20.196,1.734,35.02
14.575,0.0,20.196,1.733,35.0
14.586,0.0,20.196,1.731,34.959
14.597,0.0,20.2,1.733,35.007
14.608,0.0,20.196,1.734,35.02
14.619,0.0,20.192,1.732,34.973
14.63,0.0,20.196,1.733,35.0
14.642,0.0,20.196,1.733,35.0
14.652,0.0,20.196,1.731,34.959
14.663,0.0,20.196,1.734,35.02
14.675,0.0,20.196,1.733,35.0
14.685,0.0,20.196,1.733,35.0
14.696,0.0,20.2,1.733,35.007
14.708,0.0,20.2,1.732,34.986
14.718,0.0,20.2,1.734,35.027
14.729,0.0,20.196,1.733,35.0
14.741,0.0,20.2,1.732,34.986
14.751,0.0,20.2,1.733,35.007
14.762,0.0,20.2,1.732,34.986
14.774,0.0,20.196,1.735,35.04
14.784,0.0,20.196,1.732,34.979
14.795,0.0,20.2,1.733,35.007
14.807,0.0,20.2,1.732,34.986
14.817,0.0,20.196,1.732,34.979
14.829,0.0,20.2,1.731,34.966
14.84,0.0,20.2,1.731,34.966
14.85,0.0,20.196,1.734,35.02
14.862,0.0,20.196,1.733,35.0
14.873,0.0,20.196,1.734,35.02
14.883,0.0,20.2,1.731,34.966
14.895,0.0,20.2,1.735,35.047
14.906,0.0,20.196,1.735,35.04
14.916,0.0,20.196,1.736,35.06
14.928,0.0,20.196,1.736,35.06
14.939,0.0,20.196,1.734,35.02
14.949,0.0,20.2,1.737,35.087
14.961,0.0,20.196,1.736,35.06
14.972,0.0,20.2,1.737,35.087
14.982,0.0,20.196,1.734,35.02
14.993,0.0,20.196,1.735,35.04
15.005,0.0,20.196,1.732,34.979
15.015,0.0,20.196,1.737,35.08
15.027,0.0,20.196,1.739,35.121
15.038,0.0,20.2,1.735,35.047
15.049,0.0,20.2,1.733,35.007
15.06,0.0,20.196,1.735,35.04
15.071,0.0,20.196,1.734,35.02
15.082,0.0,20.196,1.736,35.06
15.093,0.0,20.196,1.734,35.02
15.104,0.0,20.192,1.737,35.074
15.115,0.0,20.196,1.734,35.02
15.126,0.0,20.196,1.733,35.0
15.138,0.0,20.2,1.735,35.047
15.148,0.0,20.2,1.734,35.027
15.16,0.0,20.2,1.735,35.047
15.171,0.0,20.2,1.734,35.027
15.181,0.0,20.2,1.736,35.067
15.193,0.0,20.196,1.732,34.979
15.204,0.0,20.196,1.732,34.979
15.214,0.0,20.196,1.736,35.06
15.226,0.0,20.196,1.734,35.02
15.237,0.0,20.2,1.735,35.047
15.247,0.0,20.196,1.734,35.02
15.259,0.0,20.2,1.735,35.047
15.27,0.0,20.2,1.734,35.027
15.28,0.0,20.192,1.733,34.993
15.291,0.0,20.196,1.735,35.04
15.302,0.0,20.196,1.735,35.04
15.313,0.0,20.196,1.735,35.04
15.331,0.0,20.2,1.734,35.027
15.342,0.0,20.196,1.736,35.06
15.352,0.0,20.2,1.734,35.027
15.363,0.0,20.196,1.736,35.06
15.374,0.0,20.196,1.733,35.0
15.385,0.0,20.196,1.735,35.04
15.396,0.0,20.196,1.736,35.06
15.407,0.0,20.196,1.734,35.02
15.418,0.0,20.2,1.733,35.007
15.429,0.0,20.2,1.735,35.047
15.44,0.0,20.2,1.733,35.007
15.451,0.0,20.196,1.736,35.06
15.462,0.0,20.196,1.734,35.02
15.473,0.0,20.196,1.736,35.06
15.484,0.0,20.196,1.733,35.0
15.496,0.0,20.196,1.737,35.08
15.506,0.0,20.2,1.735,35.047
15.517,0.0,20.2,1.732,34.986
15.529,0.0,20.196,1.736,35.06
15.539,0.0,20.196,1.736,35.06
15.55,0.0,20.2,1.735,35.047
15.562,0.0,20.196,1.733,35.0
15.572,0.0,20.196,1.733,35.0
15.583,0.0,20.196,1.732,34.979
15.595,0.0,20.196,1.732,34.979
15.605,0.0,20.196,1.734,35.02
15.617,0.0,20.2,1.732,34.986
15.628,0.0,20.196,1.733,35.0
15.639,0.0,20.2,1.735,35.047
15.65,0.0,20.196,1.731,34.959
15.661,0.0,20.2,1.732,34.986
15.672,0.0,20.2,1.734,35.027
15.683,0.0,20.192,1.734,35.013
15.695,0.0,20.196,1.733,35.0
15.705,0.0,20.2,1.734,35.027
15.717,0.0,20.196,1.735,35.04
15.728,0.0,20.2,1.733,35.007
15.738,0.0,20.196,1.735,35.04
15.75,0.0,20.196,1.733,35.0
15.761,0.0,20.196,1.734,35.02
15.771,0.0,20.2,1.733,35.007
15.783,0.0,20.2,1.734,35.027
15.794,0.0,20.196,1.734,35.02
15.805,0.0,20.196,1.733,35.0
15.816,0.0,20.196,1.734,35.02
15.828,0.0,20.196,1.733,35.0
15.838,0.0,20.2,1.734,35.027
15.85,0.0,20.196,1.735,35.04
15.861,0.0,20.2,1.735,35.047
15.871,0.0,20.196,1.734,35.02
15.883,0.0,20.2,1.733,35.007
15.894,0.0,20.196,1.734,35.02
15.904,0.0,20.196,1.733,35.0
15.915,0.0,20.196,1.732,34.979
15.926,0.0,20.196,1.732,34.979
15.937,0.0,20.196,1.734,35.02
15.948,0.0,20.192,1.735,35.033
15.959,0.0,20.196,1.732,34.979
15.97,0.0,20.2,1.733,35.007
15.981,0.0,20.196,1.733,35.0
15.992,0.0,20.196,1.734,35.02
16.003,0.0,20.196,1.732,34.979
